function DH = get_DH()
    % [a, alpha, d, theta]
    DH = [0, 0, 0.333, 0;
          0, -pi/2, 0, 0;
          0, pi/2, 0.316, 0;
          0.0825, pi/2, 0, 0;
          -0.0825, -pi/2, 0.384, 0;
          0, pi/2, 0, 0;
          0.088, pi/2, 0, 0;];
 %        0, 0, 0.107, 0];
end